[97, 103, 101, 58, 196, 0, 48, 48, 48, 57, 97, 99, 50, 51, 49, 99, 50, 97, 56, 97, 99, 55, 102, 55, 51, 50, 55, 97, 50, 98, 101, 99, 49, 101, 51, 57, 57, 51, 56, 53, 54, 56, 53, 102, 99, 53, 101, 55, 55, 101, 49, 54, 53, 102, 53, 48, 54, 101, 98, 55, 50, 50, 51, 51, 49, 51, 48, 51, 50, 57, 48, 48, 55, 51, 48, 48, 48, 48, 48, 48, 48, 48, 48, 48, 48, 48, 48, 48, 48, 48, 48, 48, 48, 48, 48, 48, 48, 48, 48, 48, 48, 48, 48, 48, 48, 48, 48, 48, 48, 48, 48, 48, 48, 48, 48, 48, 48, 48, 48, 48, 48, 49, 49, 53, 56, 101, 52, 54, 48, 57, 49, 51, 100, 48, 48, 48, 48, 48, 48, 48, 48, 48, 48, 48, 48, 48, 48, 48, 48, 48, 48, 48, 48, 48, 48, 48, 48, 48, 48, 48, 48, 48, 100, 99, 100, 48, 102, 50, 51, 49, 50, 53, 102, 55, 52, 101, 102, 54, 50, 49, 100, 102, 97, 51, 51, 49, 48, 54, 50, 53, 102, 56, 97, 102, 48, 100, 99, 100, 57, 55, 49, 98]
[97, 103, 101, 58, 196, 0, 48, 48, 48, 57, 97, 99, 50, 51, 49, 99, 50, 97, 56, 97, 99, 55, 102, 55, 51, 50, 55, 97, 50, 98, 101, 99, 49, 101, 51, 57, 57, 51, 56, 53, 54, 56, 53, 102, 99, 53, 101, 55, 55, 101, 49, 54, 53, 102, 53, 48, 54, 101, 98, 55, 50, 50, 51, 51, 49, 51, 48, 51, 50, 57, 48, 48, 55, 51, 48, 48, 48, 48, 48, 48, 48, 48, 48, 48, 48, 48, 48, 48, 48, 48, 48, 48, 48, 48, 48, 48, 48, 48, 48, 48, 48, 48, 48, 48, 48, 48, 48, 48, 48, 48, 48, 48, 48, 48, 48, 48, 48, 48, 48, 48, 48, 49, 49, 53, 56, 101, 52, 54, 48, 57, 49, 51, 100, 48, 48, 48, 48, 48, 48, 48, 48, 48, 48, 48, 48, 48, 48, 48, 48, 48, 48, 48, 48, 48, 48, 48, 48, 48, 48, 48, 48, 48, 100, 99, 100, 48, 102, 50, 51, 49, 50, 53, 102, 55, 52, 101, 102, 54, 50, 49, 100, 102, 97, 51, 51, 49, 48, 54, 50, 53, 102, 56, 97, 102, 48, 100, 99, 100, 57, 55, 49, 98]
21: 97
22: 103
23: 101
24: 58
25: 10
26: 196
27: 48
28: 48
29: 48
30: 57
31: 97
32: 99
33: 50
34: 51
35: 49
36: 99
37: 50
38: 97
39: 56
40: 97
41: 99
42: 55
43: 102
44: 55
45: 51
46: 50
47: 55
48: 97
49: 50
50: 98
51: 101
52: 99
53: 49
54: 101
55: 51
56: 57
57: 57
58: 51
59: 56
60: 53
61: 54
62: 56
63: 53
64: 102
65: 99
66: 53
67: 101
68: 55
69: 55
70: 101
71: 49
72: 54
73: 53
74: 102
75: 53
76: 48
77: 54
78: 101
79: 98
80: 55
81: 50
82: 50
83: 51
84: 51
85: 49
86: 51
87: 48
88: 51
89: 50
90: 57
91: 48
92: 48
93: 55
94: 51
95: 48
96: 48
97: 48
98: 48
99: 48

100: 48
101: 48
102: 48
103: 48
104: 48
105: 48
106: 48
107: 48
108: 48
109: 48
110: 48
111: 48
112: 48
113: 48
114: 48
115: 48
116: 48
117: 48
118: 48
119: 48
120: 48
121: 48
122: 48
123: 48
124: 48
125: 48
126: 48
127: 48
128: 48
129: 48
130: 48
131: 48
132: 48
133: 48
134: 48
135: 48
136: 48
137: 48
138: 48
139: 48
140: 48
141: 48
142: 49
143: 49
144: 53
145: 56
146: 101
147: 52
148: 54
149: 48
150: 57
151: 49
152: 51
153: 100
154: 48
155: 48
156: 48
157: 48
158: 48
159: 48
160: 48
161: 48
162: 48
163: 48
164: 48
165: 48
166: 48
167: 48
168: 48
169: 48
170: 48
171: 48
172: 48
173: 48
174: 48
175: 48
176: 48
177: 48
178: 48
179: 48
180: 48
181: 48
182: 48
183: 100
184: 99
185: 100
186: 48
187: 102
188: 50
189: 51
190: 49
191: 50
192: 53
193: 102
194: 55
195: 52
196: 101
197: 102
198: 54
199: 50

200: 49
201: 100
202: 102
203: 97
204: 51
205: 51
206: 49
207: 48
208: 54
209: 50
210: 53
211: 102
212: 56
213: 97
214: 102
215: 48
216: 100
217: 99
218: 100
219: 57
220: 55
221: 49
222: 98



coinType is 9
coin.service.ts:854 doSubmit in sendTransaction= false
coin.service.ts:855 toAddress== ni5RuJJ5Bcbxe992Zm9X51HSFbR5UR44Hh
coin.service.ts:873 optionsoptionsoptions= {gasPrice: 50, gasLimit: 800000, satoshisPerBytes: 400000}
coin.service.ts:890 satoshisPerBytes= 400000
coin.service.ts:901 amountNum= 2027200000
api.service.ts:64 url for getDogeUtxos= https://dogetest.fabcoinapi.com/getutxos/ni5RuJJ5Bcbxe992Zm9X51HSFbR5UR44Hh
coin.service.ts:1184 amount== 20
coin.service.ts:1186 amountBigNum== 2000000000
coin.service.ts:1194 transFee for doge=149600000
coin.service.ts:1205 doge toAddress== ni5RuJJ5Bcbxe992Zm9X51HSFbR5UR44Hh
coin.service.ts:1206 doge address== ni5RuJJ5Bcbxe992Zm9X51HSFbR5UR44Hh
coin.service.ts:1635 ret there eeee= {txHex: "010000000275ffd38d53a9eb811ae0bb6a2bb3a81cc3a9acdc…be74d9aae2f2d1cd2ab0becef943569c94c9588ac00000000", txHash: "0xea47de7e15aacfecc9f129128416725016e712c1de4d43355b89384561790844", errMsg: "", transFee: 1.496}
dashboard.component.ts:1383 originalMessage= 0009ac231c2a8ac7f7327a2bec1e399385685fc5e77e165f506eb722331303290073000000000000000000000000000000000000000000000001158e460913d00000000000000000000000000000dcd0f23125f74ef621dfa3310625f8af0dcd971b
coin.service.ts:578 keyPair.privateKeyBuffer.compressed=== undefined
coin.service.ts:630 buf there eeeee= Uint8Array(223) [25, 68, 111, 103, 101, 99, 111, 105, 110, 32, 83, 105, 103, 110, 101, 100, 32, 77, 101, 115, 115, 97, 103, 101, 58, 10, 196, 48, 48, 48, 57, 97, 99, 50, 51, 49, 99, 50, 97, 56, 97, 99, 55, 102, 55, 51, 50, 55, 97, 50, 98, 101, 99, 49, 101, 51, 57, 57, 51, 56, 53, 54, 56, 53, 102, 99, 53, 101, 55, 55, 101, 49, 54, 53, 102, 53, 48, 54, 101, 98, 55, 50, 50, 51, 51, 49, 51, 48, 51, 50, 57, 48, 48, 55, 51, 48, 48, 48, 48, 48, …][0 … 99][100 … 199][200 … 222]200: 49201: 100202: 102203: 97204: 51205: 51206: 49207: 48208: 54209: 50210: 53211: 102212: 56213: 97214: 102215: 48216: 100217: 99218: 100219: 57220: 55221: 49222: 98__proto__: Uint8Array
coin.service.ts:634 hash there we go=
coin.service.ts:635 Uint8Array(32) [105, 25, 99, 151, 142, 199, 87, 27, 104, 203, 92, 154, 221, 203, 143, 103, 186, 168, 100, 117, 32, 198, 195, 160, 147, 74, 201, 240, 169, 152, 176, 24]
coin.service.ts:657 signature==== {r: "0x3933a26e3ee6f72d6b0c1fdbf3db03c417db612862d02dbf76e7c9af5a8e0bb8", s: "0x02de7d65400e18dc0b5a5cd5a224aad10f6e2b9871f6f3000650416b1abe15ad", v: "0x1f"}
dashboard.component.ts:1387 signedMessage= {r: "0x3933a26e3ee6f72d6b0c1fdbf3db03c417db612862d02dbf76e7c9af5a8e0bb8", s: "0x02de7d65400e18dc0b5a5cd5a224aad10f6e2b9871f6f3000650416b1abe15ad", v: "0x1f"}